"nums": {
	"vertices"  : 145, 
	"walls"     : 109, 
	"areas"     : 44, 
	"doors"     : 50, 
	"windows"   : 17, 
	"barricades": 13, 
	"powerups"  : 26
}, 
"powerups": [ 1, 3, 7, 8, 9, 10, 11, 12, 13, 14, 15, 16, 17, 18, 19, 20, 21, 22, 23, 24, 25, 26, 27, 28, 29, 30 ],
"vertices": [
	{ "x": 251, "y": 551},
	{ "x": 297, "y": 568},
	{ "x": 317, "y": 613},
	{ "x": 300, "y": 653},
	{ "x": 254, "y": 669},
	{ "x": 205, "y": 654},
	{ "x": 183, "y": 612},
	{ "x": 197, "y": 572},
	{ "x": 696, "y": 452},
	{ "x": 736, "y": 429},
	{ "x": 813, "y": 437},
	{ "x": 863, "y": 509},
	{ "x": 832, "y": 588},
	{ "x": 772, "y": 615},
	{ "x": 690, "y": 577},
	{ "x": 675, "y": 545},
	{ "x": 850, "y": 879},
	{ "x": 1006, "y": 871},
	{ "x": 1013, "y": 973},
	{ "x": 853, "y": 988},
	{ "x": 180, "y": 237},
	{ "x": 362, "y": 288},
	{ "x": 377, "y": 330},
	{ "x": 352, "y": 419},
	{ "x": 326, "y": 433},
	{ "x": 141, "y": 382},
	{ "x": 138, "y": 346},
	{ "x": 140, "y": 261},
	{ "x": 280, "y": 840},
	{ "x": 332, "y": 808},
	{ "x": 341, "y": 836},
	{ "x": 391, "y": 841},
	{ "x": 410, "y": 869},
	{ "x": 407, "y": 926},
	{ "x": 428, "y": 944},
	{ "x": 385, "y": 975},
	{ "x": 378, "y": 940},
	{ "x": 323, "y": 936},
	{ "x": 304, "y": 910},
	{ "x": 307, "y": 857},
	{ "x": 493, "y": 104},
	{ "x": 535, "y": 168},
	{ "x": 594, "y": 189},
	{ "x": 647, "y": 161},
	{ "x": 692, "y": 105},
	{ "x": 930, "y": 103},
	{ "x": 930, "y": 123},
	{ "x": 819, "y": 160},
	{ "x": 836, "y": 219},
	{ "x": 743, "y": 246},
	{ "x": 770, "y": 321},
	{ "x": 856, "y": 290},
	{ "x": 877, "y": 343},
	{ "x": 991, "y": 313},
	{ "x": 973, "y": 251},
	{ "x": 1091, "y": 211},
	{ "x": 1144, "y": 194},
	{ "x": 1125, "y": 136},
	{ "x": 1087, "y": 151},
	{ "x": 1096, "y": 96},
	{ "x": 508, "y": 828},
	{ "x": 419, "y": 740},
	{ "x": 210, "y": 826},
	{ "x": 295, "y": 741},
	{ "x": 210, "y": 951},
	{ "x": 295, "y": 1042},
	{ "x": 508, "y": 950},
	{ "x": 419, "y": 1040},
	{ "x": 419, "y": 1088},
	{ "x": 298, "y": 1088},
	{ "x": 198, "y": 1088},
	{ "x": 101, "y": 1098},
	{ "x": 110, "y": 951},
	{ "x": 110, "y": 873},
	{ "x": 110, "y": 776},
	{ "x": 110, "y": 612},
	{ "x": 1013, "y": 1087},
	{ "x": 962, "y": 1087},
	{ "x": 858, "y": 1087},
	{ "x": 1096, "y": 1096},
	{ "x": 1090, "y": 973},
	{ "x": 1090, "y": 871},
	{ "x": 953, "y": 509},
	{ "x": 1049, "y": 509},
	{ "x": 1087, "y": 509},
	{ "x": 1087, "y": 611},
	{ "x": 1087, "y": 710},
	{ "x": 825, "y": 780},
	{ "x": 791, "y": 666},
	{ "x": 557, "y": 1007},
	{ "x": 557, "y": 1088},
	{ "x": 601, "y": 602},
	{ "x": 491, "y": 673},
	{ "x": 110, "y": 346},
	{ "x": 642, "y": 401},
	{ "x": 461, "y": 338},
	{ "x": 382, "y": 225},
	{ "x": 382, "y": 103},
	{ "x": 101, "y": 95},
	{ "x": 746, "y": 361},
	{ "x": 198.72083694441005, "y": 396.0692583880153},
	{ "x": 257.39264578432585, "y": 413.0932029218769},
	{ "x": 236.192022393282, "y": 252.74611616515045},
	{ "x": 332.73735479356196, "y": 279.8000279916025},
	{ "x": 2325, "y": 509},
	{ "x": 2325, "y": 211},
	{ "x": 1090.210177887863, "y": 269.8417473541995},
	{ "x": 1088.8661562711102, "y": 369.9713578022968},
	{ "x": 2298, "y": 1150},
	{ "x": 2453, "y": 740},
	{ "x": 2453, "y": 574},
	{ "x": -1186, "y": 612},
	{ "x": -1186, "y": 346},
	{ "x": -722, "y": 1050},
	{ "x": -1182, "y": 898},
	{ "x": -1190, "y": 738},
	{ "x": 110, "y": 393},
	{ "x": 110, "y": 494},
	{ "x": 578, "y": 1093},
	{ "x": 578, "y": 1962},
	{ "x": 206, "y": 2166},
	{ "x": -163, "y": 1962},
	{ "x": -167, "y": 1626},
	{ "x": 1153, "y": 2312},
	{ "x": 1301, "y": 2239},
	{ "x": 1237, "y": 1610},
	{ "x": 493, "y": -1113},
	{ "x": 320, "y": -1113},
	{ "x": 33, "y": -1113},
	{ "x": 33, "y": -902},
	{ "x": 930, "y": -800},
	{ "x": 930, "y": -1125},
	{ "x": 650, "y": -1125},
	{ "x": 202, "y": 103},
	{ "x": 307, "y": 103},
	{ "x": 713.9648354752153, "y": 104.81542155062844},
	{ "x": 815.982841406581, "y": 103.95812738313798},
	{ "x": 930, "y": -1214},
	{ "x": 33, "y": -1194},
	{ "x": -887, "y": 1932},
	{ "x": -163.2618676491427, "y": 1940.0031174720136},
	{ "x": -164.25053138727503, "y": 1856.9553634688962},
	{ "x": 2270, "y": 2239},
	{ "x": 1299.6208532109863, "y": 2225.445572964224},
	{ "x": 1292.8820224297476, "y": 2159.2155016923625}
],
"walls": [
	[ 0, 1 ],
	[ 1, 2 ],
	[ 2, 3 ],
	[ 3, 4 ],
	[ 4, 5 ],
	[ 5, 6 ],
	[ 6, 7 ],
	[ 8, 9 ],
	[ 9, 10 ],
	[ 10, 11 ],
	[ 11, 12 ],
	[ 12, 13 ],
	[ 13, 14 ],
	[ 14, 15 ],
	[ 19, 16 ],
	[ 16, 17 ],
	[ 18, 19 ],
	[ 27, 20 ],
	[ 21, 22 ],
	[ 22, 23 ],
	[ 23, 24 ],
	[ 25, 26 ],
	[ 26, 27 ],
	[ 39, 28 ],
	[ 29, 30 ],
	[ 30, 31 ],
	[ 31, 32 ],
	[ 32, 33 ],
	[ 33, 34 ],
	[ 34, 35 ],
	[ 35, 36 ],
	[ 36, 37 ],
	[ 37, 38 ],
	[ 38, 39 ],
	[ 44, 40 ],
	[ 40, 41 ],
	[ 42, 43 ],
	[ 43, 44 ],
	[ 59, 45 ],
	[ 45, 46 ],
	[ 46, 47 ],
	[ 47, 48 ],
	[ 48, 49 ],
	[ 49, 50 ],
	[ 50, 51 ],
	[ 51, 52 ],
	[ 52, 53 ],
	[ 54, 55 ],
	[ 55, 56 ],
	[ 56, 57 ],
	[ 57, 58 ],
	[ 58, 59 ],
	[ 60, 61 ],
	[ 62, 63 ],
	[ 65, 64 ],
	[ 66, 67 ],
	[ 68, 69 ],
	[ 70, 71 ],
	[ 71, 72 ],
	[ 72, 73 ],
	[ 75, 74 ],
	[ 76, 77 ],
	[ 76, 79 ],
	[ 79, 80 ],
	[ 80, 81 ],
	[ 84, 85 ],
	[ 86, 81 ],
	[ 90, 68 ],
	[ 90, 78 ],
	[ 26, 93 ],
	[ 98, 93 ],
	[ 40, 97 ],
	[ 24, 101 ],
	[ 100, 25 ],
	[ 20, 102 ],
	[ 103, 21 ],
	[ 104, 105 ],
	[ 55, 106 ],
	[ 107, 84 ],
	[ 108, 109 ],
	[ 109, 110 ],
	[ 110, 104 ],
	[ 111, 112 ],
	[ 114, 115 ],
	[ 115, 111 ],
	[ 93, 116 ],
	[ 117, 75 ],
	[ 69, 118 ],
	[ 119, 120 ],
	[ 120, 121 ],
	[ 78, 118 ],
	[ 119, 123 ],
	[ 123, 124 ],
	[ 126, 127 ],
	[ 127, 128 ],
	[ 131, 132 ],
	[ 97, 134 ],
	[ 133, 98 ],
	[ 45, 136 ],
	[ 135, 44 ],
	[ 105, 137 ],
	[ 112, 138 ],
	[ 137, 138 ],
	[ 114, 139 ],
	[ 139, 121 ],
	[ 121, 140 ],
	[ 142, 108 ],
	[ 124, 142 ],
	[ 124, 143 ]
],
"doors": [
	{ "vertices": [ 37, 65 ], 
	  "connects": [ 14, 9] },
	{ "vertices": [ 67, 35 ], 
	  "connects": [ 14, 10] },
	{ "vertices": [ 34, 66 ], 
	  "connects": [ 11, 10] },
	{ "vertices": [ 32, 60 ], 
	  "connects": [ 7, 11] },
	{ "vertices": [ 61, 31 ], 
	  "connects": [ 7, 12] },
	{ "vertices": [ 63, 29 ], 
	  "connects": [ 12, 8] },
	{ "vertices": [ 28, 62 ], 
	  "connects": [ 13, 8] },
	{ "vertices": [ 64, 38 ], 
	  "connects": [ 13, 9] },
	{ "vertices": [ 18, 76 ], 
	  "connects": [ 20, 19] },
	{ "vertices": [ 80, 18 ], 
	  "connects": [ 20, 21] },
	{ "vertices": [ 69, 65 ], 
	  "connects": [ 16, 15] },
	{ "vertices": [ 72, 64 ], 
	  "connects": [ 17, 16] },
	{ "vertices": [ 74, 62 ], 
	  "connects": [ 18, 17] },
	{ "vertices": [ 67, 68 ], 
	  "connects": [ 23, 15] },
	{ "vertices": [ 66, 89 ], 
	  "connects": [ 24, 23] },
	{ "vertices": [ 89, 90 ], 
	  "connects": [ 24, 23] },
	{ "vertices": [ 78, 19 ], 
	  "connects": [ 24, 19] },
	{ "vertices": [ 16, 87 ], 
	  "connects": [ 24, 22] },
	{ "vertices": [ 87, 88 ], 
	  "connects": [ 24, 22] },
	{ "vertices": [ 88, 13 ], 
	  "connects": [ 24, 22] },
	{ "vertices": [ 81, 17 ], 
	  "connects": [ 21, 22] },
	{ "vertices": [ 1, 24 ], 
	  "connects": [ 25, 26] },
	{ "vertices": [ 6, 75 ], 
	  "connects": [ 18, 25] },
	{ "vertices": [ 63, 4 ], 
	  "connects": [ 18, 26] },
	{ "vertices": [ 92, 61 ], 
	  "connects": [ 24, 26] },
	{ "vertices": [ 91, 92 ], 
	  "connects": [ 24, 26] },
	{ "vertices": [ 15, 91 ], 
	  "connects": [ 24, 26] },
	{ "vertices": [ 96, 97 ], 
	  "connects": [ 27, 28] },
	{ "vertices": [ 21, 96 ], 
	  "connects": [ 27, 28] },
	{ "vertices": [ 95, 22 ], 
	  "connects": [ 26, 28] },
	{ "vertices": [ 94, 95 ], 
	  "connects": [ 26, 28] },
	{ "vertices": [ 8, 94 ], 
	  "connects": [ 26, 28] },
	{ "vertices": [ 99, 50 ], 
	  "connects": [ 28, 30] },
	{ "vertices": [ 49, 43 ], 
	  "connects": [ 28, 29] },
	{ "vertices": [ 9, 99 ], 
	  "connects": [ 28, 30] },
	{ "vertices": [ 11, 82 ], 
	  "connects": [ 30, 22] },
	{ "vertices": [ 82, 83 ], 
	  "connects": [ 30, 22] },
	{ "vertices": [ 83, 84 ], 
	  "connects": [ 30, 22] },
	{ "vertices": [ 100, 101 ], 
	  "connects": [ 3, 25] },
	{ "vertices": [ 102, 103 ], 
	  "connects": [ 27, 3] },
	{ "vertices": [ 15, 8 ], 
	  "connects": [ 26, 1] },
	{ "vertices": [ 63, 61 ], 
	  "connects": [ 26, 12] },
	{ "vertices": [ 64, 62 ], 
	  "connects": [ 17, 13] },
	{ "vertices": [ 66, 60 ], 
	  "connects": [ 11, 24] },
	{ "vertices": [ 67, 65 ], 
	  "connects": [ 15, 14] },
	{ "vertices": [ 138, 128 ], 
	  "connects": [ 41, 40] },
	{ "vertices": [ 137, 131 ], 
	  "connects": [ 39, 41] },
	{ "vertices": [ 132, 126 ], 
	  "connects": [ 38, 41] },
	{ "vertices": [ 140, 141 ], 
	  "connects": [ 42, 35] },
	{ "vertices": [ 143, 144 ], 
	  "connects": [ 36, 43] }
],
"windows": [
	{ "vertices": [ 84, 104 ], 
	  "connects": [ 31, 32] },
	{ "vertices": [ 128, 129 ], 
	  "connects": [ 37, 40] },
	{ "vertices": [ 129, 98 ], 
	  "connects": [ 37, 40] },
	{ "vertices": [ 40, 126 ], 
	  "connects": [ 37, 38] },
	{ "vertices": [ 130, 131 ], 
	  "connects": [ 38, 39] },
	{ "vertices": [ 45, 130 ], 
	  "connects": [ 38, 39] },
	{ "vertices": [ 105, 55 ], 
	  "connects": [ 31, 39] },
	{ "vertices": [ 112, 93 ], 
	  "connects": [ 40, 33] },
	{ "vertices": [ 75, 111 ], 
	  "connects": [ 34, 33] },
	{ "vertices": [ 141, 122 ], 
	  "connects": [ 42, 35] },
	{ "vertices": [ 122, 70 ], 
	  "connects": [ 42, 35] },
	{ "vertices": [ 113, 114 ], 
	  "connects": [ 42, 34] },
	{ "vertices": [ 73, 113 ], 
	  "connects": [ 42, 34] },
	{ "vertices": [ 118, 119 ], 
	  "connects": [ 36, 35] },
	{ "vertices": [ 144, 125 ], 
	  "connects": [ 36, 43] },
	{ "vertices": [ 125, 77 ], 
	  "connects": [ 36, 43] },
	{ "vertices": [ 86, 108 ], 
	  "connects": [ 32, 43] }
],
"barricades": [
	{ "vertices": [ 53, 54 ], 
	  "connects": [ 6, 30 ], 
	  "offsetPt": null },
	{ "vertices": [ 41, 42 ], 
	  "connects": [ 5, 28 ], 
	  "offsetPt": null },
	{ "vertices": [ 7, 0 ], 
	  "connects": [ 25, 0 ], 
	  "offsetPt": null },
	{ "vertices": [ 28, 29 ], 
	  "connects": [ 8, 4 ], 
	  "offsetPt": null },
	{ "vertices": [ 17, 18 ], 
	  "connects": [ 21, 2 ], 
	  "offsetPt": null },
	{ "vertices": [ 77, 78 ], 
	  "connects": [ 36, 19 ], 
	  "offsetPt": { "x": -3, "y": 18 } },
	{ "vertices": [ 69, 70 ], 
	  "connects": [ 35, 16 ], 
	  "offsetPt": { "x": -1, "y": 15 } },
	{ "vertices": [ 106, 107 ], 
	  "connects": [ 31, 30 ], 
	  "offsetPt": { "x": 16, "y": -1 } },
	{ "vertices": [ 85, 86 ], 
	  "connects": [ 32, 22 ], 
	  "offsetPt": { "x": 19, "y": 1 } },
	{ "vertices": [ 116, 117 ], 
	  "connects": [ 25, 33 ], 
	  "offsetPt": { "x": 17, "y": 3 } },
	{ "vertices": [ 73, 74 ], 
	  "connects": [ 34, 17 ], 
	  "offsetPt": { "x": -18, "y": 1 } },
	{ "vertices": [ 135, 136 ], 
	  "connects": [ 38, 29 ], 
	  "offsetPt": { "x": 2, "y": -21 } },
	{ "vertices": [ 133, 134 ], 
	  "connects": [ 37, 27 ], 
	  "offsetPt": { "x": 3, "y": -19 } }
],
"areas": [
	{
		"vertices"   : [ 0, 1, 2, 3, 4, 5, 6, 7 ],
		"walls"      : [ 0, 1, 2, 3, 4, 5, 6 ],
		"doors"      : [  ],
		"windows"    : [  ],
		"barricades" : [ 2 ]
	}, 
	{
		"vertices"   : [ 8, 9, 10, 11, 12, 13, 14, 15 ],
		"walls"      : [ 7, 8, 9, 10, 11, 12, 13 ],
		"doors"      : [ 40 ],
		"windows"    : [  ],
		"barricades" : [  ]
	}, 
	{
		"vertices"   : [ 16, 17, 18, 19 ],
		"walls"      : [ 14, 15, 16 ],
		"doors"      : [  ],
		"windows"    : [  ],
		"barricades" : [ 4 ]
	}, 
	{
		"vertices"   : [ 20, 21, 22, 23, 24, 25, 26, 27 ],
		"walls"      : [ 17, 18, 19, 20, 21, 22, 72, 73, 74, 75 ],
		"doors"      : [ 38, 39 ],
		"windows"    : [  ],
		"barricades" : [  ]
	}, 
	{
		"vertices"   : [ 28, 29, 30, 31, 32, 33, 34, 35, 36, 37, 38, 39 ],
		"walls"      : [ 23, 24, 25, 26, 27, 28, 29, 30, 31, 32, 33 ],
		"doors"      : [  ],
		"windows"    : [  ],
		"barricades" : [ 3 ]
	}, 
	{
		"vertices"   : [ 40, 41, 42, 43, 44 ],
		"walls"      : [ 34, 35, 36, 37 ],
		"doors"      : [  ],
		"windows"    : [  ],
		"barricades" : [ 1 ]
	}, 
	{
		"vertices"   : [ 45, 46, 47, 48, 49, 50, 51, 52, 53, 54, 55, 56, 57, 58, 59 ],
		"walls"      : [ 38, 39, 40, 41, 42, 43, 44, 45, 46, 47, 48, 49, 50, 51 ],
		"doors"      : [  ],
		"windows"    : [  ],
		"barricades" : [ 0 ]
	}, 
	{
		"vertices"   : [ 31, 32, 60, 61 ],
		"walls"      : [ 26, 52 ],
		"doors"      : [ 3, 4 ],
		"windows"    : [  ],
		"barricades" : [  ]
	}, 
	{
		"vertices"   : [ 29, 28, 62, 63 ],
		"walls"      : [ 53 ],
		"doors"      : [ 5, 6 ],
		"windows"    : [  ],
		"barricades" : [ 3 ]
	}, 
	{
		"vertices"   : [ 64, 38, 37, 65 ],
		"walls"      : [ 54, 32 ],
		"doors"      : [ 0, 7 ],
		"windows"    : [  ],
		"barricades" : [  ]
	}, 
	{
		"vertices"   : [ 35, 34, 66, 67 ],
		"walls"      : [ 29, 55 ],
		"doors"      : [ 1, 2 ],
		"windows"    : [  ],
		"barricades" : [  ]
	}, 
	{
		"vertices"   : [ 60, 32, 33, 34, 66 ],
		"walls"      : [ 27, 28 ],
		"doors"      : [ 2, 3, 43 ],
		"windows"    : [  ],
		"barricades" : [  ]
	}, 
	{
		"vertices"   : [ 61, 31, 30, 29, 63 ],
		"walls"      : [ 25, 24 ],
		"doors"      : [ 4, 5, 41 ],
		"windows"    : [  ],
		"barricades" : [  ]
	}, 
	{
		"vertices"   : [ 62, 28, 39, 38, 64 ],
		"walls"      : [ 23, 33 ],
		"doors"      : [ 6, 7, 42 ],
		"windows"    : [  ],
		"barricades" : [  ]
	}, 
	{
		"vertices"   : [ 65, 37, 36, 35, 67 ],
		"walls"      : [ 31, 30 ],
		"doors"      : [ 0, 1, 44 ],
		"windows"    : [  ],
		"barricades" : [  ]
	}, 
	{
		"vertices"   : [ 65, 67, 68, 69 ],
		"walls"      : [ 56 ],
		"doors"      : [ 10, 13, 44 ],
		"windows"    : [  ],
		"barricades" : [  ]
	}, 
	{
		"vertices"   : [ 64, 65, 69, 70, 71, 72 ],
		"walls"      : [ 54, 57, 58 ],
		"doors"      : [ 10, 11 ],
		"windows"    : [  ],
		"barricades" : [ 6 ]
	}, 
	{
		"vertices"   : [ 62, 64, 72, 73, 74 ],
		"walls"      : [ 59 ],
		"doors"      : [ 11, 12, 42 ],
		"windows"    : [  ],
		"barricades" : [ 10 ]
	}, 
	{
		"vertices"   : [ 74, 62, 63, 4, 5, 6, 75 ],
		"walls"      : [ 60, 53, 4, 5 ],
		"doors"      : [ 12, 22, 23 ],
		"windows"    : [  ],
		"barricades" : [  ]
	}, 
	{
		"vertices"   : [ 19, 18, 76, 77, 78 ],
		"walls"      : [ 16, 61 ],
		"doors"      : [ 8, 16 ],
		"windows"    : [  ],
		"barricades" : [ 5 ]
	}, 
	{
		"vertices"   : [ 18, 76, 79, 80 ],
		"walls"      : [ 62, 63 ],
		"doors"      : [ 8, 9 ],
		"windows"    : [  ],
		"barricades" : [  ]
	}, 
	{
		"vertices"   : [ 17, 18, 80, 81 ],
		"walls"      : [ 64 ],
		"doors"      : [ 9, 20 ],
		"windows"    : [  ],
		"barricades" : [ 4 ]
	}, 
	{
		"vertices"   : [ 11, 82, 83, 84, 85, 86, 81, 17, 16, 87, 88, 13, 12 ],
		"walls"      : [ 10, 65, 66, 15, 11 ],
		"doors"      : [ 17, 18, 19, 20, 35, 36, 37 ],
		"windows"    : [  ],
		"barricades" : [ 8 ]
	}, 
	{
		"vertices"   : [ 68, 67, 66, 89, 90 ],
		"walls"      : [ 67, 55 ],
		"doors"      : [ 13, 14, 15 ],
		"windows"    : [  ],
		"barricades" : [  ]
	}, 
	{
		"vertices"   : [ 90, 78, 19, 16, 87, 88, 13, 14, 15, 91, 92, 61, 60, 66, 89 ],
		"walls"      : [ 68, 14, 12, 13, 52 ],
		"doors"      : [ 14, 15, 16, 17, 18, 19, 24, 25, 26, 43 ],
		"windows"    : [  ],
		"barricades" : [  ]
	}, 
	{
		"vertices"   : [ 75, 6, 7, 0, 1, 24, 25, 26, 93 ],
		"walls"      : [ 6, 0, 21, 69, 72, 73, 85, 86 ],
		"doors"      : [ 21, 22, 38 ],
		"windows"    : [  ],
		"barricades" : [ 2, 9 ]
	}, 
	{
		"vertices"   : [ 23, 24, 1, 2, 3, 4, 63, 61, 92, 91, 15, 8, 94, 95, 22 ],
		"walls"      : [ 19, 20, 1, 2, 3 ],
		"doors"      : [ 21, 23, 24, 25, 26, 29, 30, 31, 40, 41 ],
		"windows"    : [  ],
		"barricades" : [  ]
	}, 
	{
		"vertices"   : [ 93, 26, 27, 20, 21, 96, 97, 98 ],
		"walls"      : [ 70, 69, 22, 17, 74, 75, 96, 97 ],
		"doors"      : [ 27, 28, 39 ],
		"windows"    : [  ],
		"barricades" : [ 12 ]
	}, 
	{
		"vertices"   : [ 97, 96, 21, 22, 95, 94, 8, 9, 99, 50, 49, 43, 42, 41, 40 ],
		"walls"      : [ 71, 18, 7, 43, 36, 35 ],
		"doors"      : [ 27, 28, 29, 30, 31, 32, 33, 34 ],
		"windows"    : [  ],
		"barricades" : [ 1 ]
	}, 
	{
		"vertices"   : [ 44, 43, 49, 48, 47, 46, 45 ],
		"walls"      : [ 37, 42, 41, 40, 39, 98, 99 ],
		"doors"      : [ 33 ],
		"windows"    : [  ],
		"barricades" : [ 11 ]
	}, 
	{
		"vertices"   : [ 55, 84, 83, 82, 11, 10, 9, 99, 50, 51, 52, 53, 54 ],
		"walls"      : [ 47, 9, 8, 44, 45, 46, 77, 78 ],
		"doors"      : [ 32, 34, 35, 36, 37 ],
		"windows"    : [  ],
		"barricades" : [ 0, 7 ]
	}, 
	{
		"vertices"   : [ 55, 84, 104, 105 ],
		"walls"      : [ 76, 77, 78 ],
		"doors"      : [  ],
		"windows"    : [ 0, 6 ],
		"barricades" : [ 7 ]
	}, 
	{
		"vertices"   : [ 84, 85, 86, 108, 109, 110, 104 ],
		"walls"      : [ 65, 79, 80, 81 ],
		"doors"      : [  ],
		"windows"    : [ 0, 16 ],
		"barricades" : [ 8 ]
	}, 
	{
		"vertices"   : [ 93, 75, 111, 112 ],
		"walls"      : [ 82, 85, 86 ],
		"doors"      : [  ],
		"windows"    : [ 7, 8 ],
		"barricades" : [ 9 ]
	}, 
	{
		"vertices"   : [ 75, 74, 73, 113, 114, 115, 111 ],
		"walls"      : [ 60, 83, 84 ],
		"doors"      : [  ],
		"windows"    : [ 8, 11, 12 ],
		"barricades" : [ 10 ]
	}, 
	{
		"vertices"   : [ 70, 69, 118, 119, 120, 121, 122 ],
		"walls"      : [ 87, 88, 89, 105 ],
		"doors"      : [ 48 ],
		"windows"    : [ 9, 10, 13 ],
		"barricades" : [ 6 ]
	}, 
	{
		"vertices"   : [ 77, 78, 118, 119, 123, 124, 125 ],
		"walls"      : [ 90, 91, 92, 108 ],
		"doors"      : [ 49 ],
		"windows"    : [ 13, 14, 15 ],
		"barricades" : [ 5 ]
	}, 
	{
		"vertices"   : [ 98, 97, 40, 126, 127, 128, 129 ],
		"walls"      : [ 71, 93, 94, 96, 97 ],
		"doors"      : [  ],
		"windows"    : [ 1, 2, 3 ],
		"barricades" : [ 12 ]
	}, 
	{
		"vertices"   : [ 40, 44, 45, 130, 131, 132, 126 ],
		"walls"      : [ 34, 95, 98, 99 ],
		"doors"      : [ 47 ],
		"windows"    : [ 3, 4, 5 ],
		"barricades" : [ 11 ]
	}, 
	{
		"vertices"   : [ 131, 130, 45, 59, 58, 57, 56, 55, 105, 137 ],
		"walls"      : [ 38, 51, 50, 49, 48, 100 ],
		"doors"      : [ 46 ],
		"windows"    : [ 4, 5, 6 ],
		"barricades" : [  ]
	}, 
	{
		"vertices"   : [ 128, 129, 98, 93, 112, 138 ],
		"walls"      : [ 70, 101 ],
		"doors"      : [ 45 ],
		"windows"    : [ 1, 2, 7 ],
		"barricades" : [  ]
	}, 
	{
		"vertices"   : [ 138, 128, 127, 126, 132, 131, 137 ],
		"walls"      : [ 102, 94, 93, 95 ],
		"doors"      : [ 45, 46, 47 ],
		"windows"    : [  ],
		"barricades" : [  ]
	}, 
	{
		"vertices"   : [ 71, 72, 73, 113, 114, 139, 121, 122, 70 ],
		"walls"      : [ 57, 58, 59, 103, 104, 105 ],
		"doors"      : [ 48 ],
		"windows"    : [ 9, 10, 11, 12 ],
		"barricades" : [  ]
	}, 
	{
		"vertices"   : [ 108, 86, 81, 80, 79, 76, 77, 125, 124, 142 ],
		"walls"      : [ 106, 66, 64, 63, 62, 61, 107, 108 ],
		"doors"      : [ 49 ],
		"windows"    : [ 14, 15, 16 ],
		"barricades" : [  ]
	}
],
"spawns": [ 31, 37, 38, 35, 34, 33, 32, 36 ],
"distances": {
	"doors": {
		"doors": [
			[ 0, 100, 197, 297, 378, 280, 184, 83, 751, 831, 154, 245, 276, 156, 305, 295, 594, 614, 630, 668, 871, 618, 472, 430, 474, 594, 708, 958, 854, 753, 770, 811, 952, 993, 895, 869, 950, 1005, 698, 848, 823, 340, 152, 277, 79, 3212, 3012, 2584, 1491, 2282 ], 
			[ 100, 0, 97, 197, 281, 379, 284, 183, 725, 804, 137, 345, 376, 138, 288, 278, 567, 514, 530, 568, 771, 636, 571, 470, 417, 494, 608, 976, 873, 771, 779, 771, 912, 1002, 854, 769, 850, 905, 785, 935, 723, 359, 252, 177, 62, 3222, 3021, 2594, 1474, 2255 ], 
			[ 197, 97, 0, 101, 185, 283, 378, 280, 628, 708, 234, 441, 473, 235, 201, 303, 470, 417, 433, 471, 675, 540, 569, 373, 320, 398, 511, 879, 776, 674, 683, 674, 815, 906, 758, 672, 754, 809, 688, 838, 626, 262, 349, 81, 158, 3125, 2925, 2497, 1571, 2159 ], 
			[ 297, 197, 101, 0, 84, 182, 278, 379, 617, 697, 334, 445, 426, 336, 189, 292, 459, 406, 422, 460, 664, 439, 469, 273, 295, 387, 500, 779, 676, 574, 591, 632, 774, 814, 716, 661, 743, 798, 588, 737, 615, 161, 352, 70, 259, 3033, 2833, 2405, 1671, 2148 ], 
			[ 378, 281, 185, 84, 0, 98, 194, 295, 701, 781, 418, 361, 342, 420, 274, 376, 543, 490, 506, 544, 748, 355, 385, 188, 211, 359, 501, 695, 591, 490, 507, 548, 689, 730, 632, 745, 827, 882, 503, 653, 564, 77, 268, 154, 343, 2949, 2749, 2321, 1755, 2232 ], 
			[ 280, 379, 283, 182, 98, 0, 96, 197, 799, 879, 434, 263, 294, 435, 372, 474, 641, 588, 579, 564, 846, 338, 368, 172, 194, 342, 485, 678, 575, 473, 490, 531, 673, 713, 615, 765, 849, 918, 487, 636, 548, 60, 170, 252, 359, 2933, 2732, 2304, 1709, 2330 ], 
			[ 184, 284, 378, 278, 194, 96, 0, 101, 895, 974, 338, 167, 198, 340, 467, 479, 737, 684, 675, 660, 941, 434, 394, 267, 290, 438, 580, 774, 670, 568, 586, 627, 768, 809, 711, 861, 945, 1013, 582, 732, 643, 156, 74, 347, 263, 3028, 2828, 2400, 1613, 2425 ], 
			[ 83, 183, 280, 379, 295, 197, 101, 0, 834, 914, 237, 162, 193, 239, 388, 378, 677, 697, 713, 751, 954, 535, 388, 347, 391, 539, 681, 875, 771, 669, 687, 728, 869, 910, 812, 952, 1033, 1088, 615, 764, 744, 257, 69, 360, 162, 3129, 2929, 2501, 1574, 2365 ], 
			[ 751, 725, 628, 617, 701, 799, 895, 834, 0, 80, 718, 926, 1028, 596, 510, 456, 158, 439, 521, 610, 182, 977, 1086, 889, 712, 712, 728, 1249, 1155, 1053, 967, 893, 822, 1002, 809, 579, 548, 544, 1125, 1258, 843, 778, 904, 547, 673, 3221, 3021, 2593, 2055, 1739 ], 
			[ 831, 804, 708, 697, 781, 879, 974, 914, 80, 0, 798, 1006, 1107, 675, 590, 536, 237, 359, 442, 530, 102, 1031, 1165, 969, 791, 747, 693, 1169, 1125, 1040, 932, 813, 742, 922, 729, 499, 468, 465, 1179, 1228, 808, 858, 983, 627, 752, 3141, 2941, 2513, 2135, 1819 ], 
			[ 154, 137, 234, 334, 418, 434, 338, 237, 718, 798, 0, 208, 361, 123, 272, 262, 561, 617, 656, 705, 874, 772, 557, 515, 554, 631, 745, 1090, 1009, 907, 916, 908, 1049, 1139, 991, 906, 977, 1032, 783, 933, 860, 494, 300, 314, 75, 3359, 3158, 2731, 1337, 2249 ], 
			[ 245, 345, 441, 445, 361, 263, 167, 162, 926, 1006, 208, 0, 154, 330, 479, 470, 768, 824, 842, 826, 1082, 574, 349, 307, 456, 605, 747, 883, 828, 734, 753, 794, 935, 976, 878, 1028, 1112, 1180, 575, 725, 792, 323, 93, 514, 283, 3195, 2995, 2567, 1446, 2457 ], 
			[ 276, 376, 473, 426, 342, 294, 198, 193, 1028, 1107, 361, 154, 0, 432, 581, 571, 870, 790, 742, 726, 1048, 420, 195, 154, 356, 477, 598, 729, 674, 580, 606, 640, 781, 829, 724, 928, 1011, 1080, 422, 571, 638, 265, 124, 496, 355, 3048, 2848, 2420, 1600, 2558 ], 
			[ 156, 138, 235, 336, 420, 435, 340, 239, 596, 675, 123, 330, 432, 0, 149, 139, 438, 494, 534, 584, 751, 744, 627, 586, 479, 537, 630, 1080, 977, 875, 821, 800, 942, 1038, 884, 785, 854, 909, 853, 1003, 745, 496, 308, 269, 77, 3257, 3057, 2629, 1460, 2127 ], 
			[ 305, 288, 201, 189, 274, 372, 467, 388, 510, 590, 272, 479, 581, 149, 0, 102, 352, 345, 385, 435, 602, 595, 658, 462, 330, 388, 481, 931, 828, 726, 672, 651, 792, 889, 735, 636, 705, 760, 744, 893, 596, 351, 457, 120, 226, 3108, 2908, 2480, 1609, 2041 ], 
			[ 295, 278, 303, 292, 376, 474, 479, 378, 456, 536, 262, 470, 571, 139, 102, 0, 299, 373, 446, 515, 630, 697, 761, 564, 432, 490, 583, 1034, 931, 829, 775, 754, 895, 991, 838, 709, 766, 814, 846, 996, 698, 453, 447, 222, 216, 3211, 3010, 2583, 1599, 1987 ], 
			[ 594, 567, 470, 459, 543, 641, 737, 677, 158, 237, 561, 768, 870, 438, 352, 299, 0, 282, 429, 542, 339, 819, 928, 732, 554, 554, 570, 1101, 997, 895, 809, 741, 882, 978, 824, 653, 685, 702, 968, 1100, 685, 620, 746, 389, 515, 3198, 2997, 2569, 1898, 1688 ], 
			[ 614, 514, 417, 406, 490, 588, 684, 697, 439, 359, 617, 824, 790, 494, 345, 373, 282, 0, 151, 268, 257, 671, 833, 637, 434, 387, 363, 915, 812, 710, 602, 534, 614, 771, 601, 371, 403, 441, 820, 915, 478, 568, 758, 337, 571, 2991, 2790, 2363, 1954, 1971 ], 
			[ 630, 530, 433, 422, 506, 579, 675, 713, 521, 442, 656, 842, 742, 534, 385, 446, 429, 151, 0, 118, 339, 591, 784, 588, 386, 307, 252, 804, 700, 599, 490, 422, 507, 660, 493, 263, 320, 376, 740, 803, 367, 519, 749, 352, 592, 2879, 2679, 2251, 1993, 2117 ], 
			[ 668, 568, 471, 460, 544, 564, 660, 751, 610, 530, 705, 826, 726, 584, 435, 515, 542, 268, 118, 0, 428, 528, 765, 572, 370, 266, 176, 728, 625, 523, 415, 346, 445, 584, 430, 201, 285, 354, 677, 727, 291, 503, 734, 390, 629, 2803, 2603, 2175, 2042, 2230 ], 
			[ 871, 771, 675, 664, 748, 846, 941, 954, 182, 102, 874, 1082, 1048, 751, 602, 630, 339, 257, 339, 428, 0, 929, 1090, 894, 692, 644, 591, 1067, 1023, 938, 830, 711, 640, 820, 627, 397, 366, 363, 1077, 1126, 706, 825, 1016, 594, 828, 3039, 2839, 2411, 2211, 1921 ], 
			[ 618, 636, 540, 439, 355, 338, 434, 535, 977, 1031, 772, 574, 420, 744, 595, 697, 819, 671, 591, 528, 929, 0, 237, 267, 265, 284, 352, 439, 335, 234, 311, 393, 534, 534, 477, 707, 801, 874, 149, 298, 377, 278, 508, 505, 697, 2753, 2553, 2125, 2020, 2508 ], 
			[ 472, 571, 569, 469, 385, 368, 394, 388, 1086, 1165, 557, 349, 195, 627, 658, 761, 928, 833, 784, 765, 1090, 237, 0, 196, 399, 520, 589, 534, 479, 471, 548, 630, 771, 771, 714, 944, 1039, 1111, 226, 376, 614, 307, 319, 538, 550, 2991, 2790, 2363, 1795, 2616 ], 
			[ 430, 470, 373, 273, 188, 172, 267, 347, 889, 969, 515, 307, 154, 586, 462, 564, 732, 637, 588, 572, 894, 267, 196, 0, 202, 324, 444, 631, 528, 426, 452, 486, 628, 675, 570, 774, 858, 926, 415, 565, 485, 111, 278, 342, 509, 2894, 2694, 2266, 1754, 2420 ], 
			[ 474, 417, 320, 295, 211, 194, 290, 391, 712, 791, 554, 456, 356, 479, 330, 432, 554, 434, 386, 370, 692, 265, 399, 202, 0, 155, 308, 601, 498, 396, 387, 410, 551, 610, 494, 571, 655, 724, 414, 563, 404, 133, 364, 240, 479, 2829, 2629, 2201, 1891, 2243 ], 
			[ 594, 494, 398, 387, 359, 342, 438, 539, 712, 747, 631, 605, 477, 537, 388, 490, 554, 387, 307, 266, 644, 284, 520, 324, 155, 0, 154, 546, 443, 341, 285, 276, 417, 508, 360, 467, 551, 619, 433, 546, 252, 282, 512, 317, 556, 2727, 2527, 2099, 1968, 2243 ], 
			[ 708, 608, 511, 500, 501, 485, 580, 681, 728, 693, 745, 747, 598, 630, 481, 583, 570, 363, 252, 176, 591, 352, 589, 444, 308, 154, 0, 552, 448, 347, 239, 170, 312, 408, 254, 377, 461, 530, 501, 551, 115, 424, 654, 430, 669, 2627, 2427, 1999, 2082, 2259 ], 
			[ 958, 976, 879, 779, 695, 678, 774, 875, 1249, 1169, 1090, 883, 729, 1080, 931, 1034, 1101, 915, 804, 728, 1067, 439, 534, 631, 601, 546, 552, 0, 125, 205, 323, 494, 427, 343, 444, 670, 750, 816, 307, 158, 542, 618, 848, 841, 1037, 2562, 2361, 1934, 2329, 2789 ], 
			[ 854, 873, 776, 676, 591, 575, 670, 771, 1155, 1125, 1009, 828, 674, 977, 828, 931, 997, 812, 700, 625, 1023, 335, 479, 528, 498, 443, 448, 125, 0, 102, 248, 419, 400, 358, 396, 626, 721, 789, 252, 103, 460, 514, 745, 738, 933, 2577, 2377, 1949, 2274, 2686 ], 
			[ 753, 771, 674, 574, 490, 473, 568, 669, 1053, 1040, 907, 734, 580, 875, 726, 829, 895, 710, 599, 523, 938, 234, 471, 426, 396, 341, 347, 205, 102, 0, 185, 346, 416, 333, 389, 619, 713, 786, 354, 205, 358, 412, 643, 636, 831, 2553, 2352, 1925, 2180, 2584 ], 
			[ 770, 779, 683, 591, 507, 490, 586, 687, 967, 932, 916, 753, 606, 821, 672, 775, 809, 602, 490, 415, 830, 311, 548, 452, 387, 285, 239, 323, 248, 185, 0, 173, 248, 223, 220, 450, 545, 617, 460, 351, 219, 430, 660, 602, 841, 2442, 2242, 1814, 2199, 2497 ], 
			[ 811, 771, 674, 632, 548, 531, 627, 728, 893, 813, 908, 794, 640, 800, 651, 754, 741, 534, 422, 346, 711, 393, 630, 486, 410, 276, 170, 494, 419, 346, 173, 0, 141, 238, 84, 314, 409, 481, 541, 522, 92, 471, 701, 593, 832, 2457, 2257, 1829, 2240, 2429 ], 
			[ 952, 912, 815, 774, 689, 673, 768, 869, 822, 742, 1049, 935, 781, 942, 792, 895, 882, 614, 507, 445, 640, 534, 771, 628, 551, 417, 312, 427, 400, 416, 248, 141, 0, 180, 79, 243, 323, 389, 652, 503, 233, 612, 843, 734, 974, 2399, 2199, 1771, 2381, 2561 ], 
			[ 993, 1002, 906, 814, 730, 713, 809, 910, 1002, 922, 1139, 976, 829, 1038, 889, 991, 978, 771, 660, 584, 820, 534, 771, 675, 610, 508, 408, 343, 358, 333, 223, 238, 180, 0, 246, 423, 503, 569, 610, 461, 330, 653, 883, 825, 1064, 2219, 2019, 1591, 2422, 2667 ], 
			[ 895, 854, 758, 716, 632, 615, 711, 812, 809, 729, 991, 878, 724, 884, 735, 838, 824, 601, 493, 430, 627, 477, 714, 570, 494, 360, 254, 444, 396, 389, 220, 84, 79, 246, 0, 230, 325, 397, 625, 499, 176, 555, 785, 677, 916, 2465, 2265, 1837, 2324, 2513 ], 
			[ 869, 769, 672, 661, 745, 765, 861, 952, 579, 499, 906, 1028, 928, 785, 636, 709, 653, 371, 263, 201, 397, 707, 944, 774, 571, 467, 377, 670, 626, 619, 450, 314, 243, 423, 230, 0, 127, 219, 855, 729, 406, 705, 935, 592, 831, 2642, 2442, 2014, 2243, 2318 ], 
			[ 950, 850, 754, 743, 827, 849, 945, 1033, 548, 468, 977, 1112, 1011, 854, 705, 766, 685, 403, 320, 285, 366, 801, 1039, 858, 655, 551, 461, 750, 721, 713, 545, 409, 323, 503, 325, 127, 0, 92, 950, 824, 500, 789, 1019, 673, 912, 2722, 2522, 2094, 2314, 2287 ], 
			[ 1005, 905, 809, 798, 882, 918, 1013, 1088, 544, 465, 1032, 1180, 1080, 909, 760, 814, 702, 441, 376, 354, 363, 874, 1111, 926, 724, 619, 530, 816, 789, 786, 617, 481, 389, 569, 397, 219, 92, 0, 1023, 892, 573, 857, 1088, 728, 967, 2788, 2588, 2160, 2369, 2284 ], 
			[ 698, 785, 688, 588, 503, 487, 582, 615, 1125, 1179, 783, 575, 422, 853, 744, 846, 968, 820, 740, 677, 1077, 149, 226, 415, 414, 433, 501, 307, 252, 354, 460, 541, 652, 610, 625, 855, 950, 1023, 0, 150, 526, 426, 546, 653, 777, 2830, 2629, 2202, 2022, 2656 ], 
			[ 848, 935, 838, 737, 653, 636, 732, 764, 1258, 1228, 933, 725, 571, 1003, 893, 996, 1100, 915, 803, 727, 1126, 298, 376, 565, 563, 546, 551, 158, 103, 205, 351, 522, 503, 461, 499, 729, 824, 892, 150, 0, 563, 576, 695, 803, 926, 2680, 2480, 2052, 2171, 2789 ], 
			[ 823, 723, 626, 615, 564, 548, 643, 744, 843, 808, 860, 792, 638, 745, 596, 698, 685, 478, 367, 291, 706, 377, 614, 485, 404, 252, 115, 542, 460, 358, 219, 92, 233, 330, 176, 406, 500, 573, 526, 563, 0, 487, 718, 545, 784, 2549, 2349, 1921, 2197, 2374 ], 
			[ 340, 359, 262, 161, 77, 60, 156, 257, 778, 858, 494, 323, 265, 496, 351, 453, 620, 568, 519, 503, 825, 278, 307, 111, 133, 282, 424, 618, 514, 412, 430, 471, 612, 653, 555, 705, 789, 857, 426, 576, 487, 0, 230, 231, 419, 2872, 2672, 2244, 1769, 2309 ], 
			[ 152, 252, 349, 352, 268, 170, 74, 69, 904, 983, 300, 93, 124, 308, 457, 447, 746, 758, 749, 734, 1016, 508, 319, 278, 364, 512, 654, 848, 745, 643, 660, 701, 843, 883, 785, 935, 1019, 1088, 546, 695, 718, 230, 0, 422, 231, 3102, 2902, 2474, 1539, 2434 ], 
			[ 277, 177, 81, 70, 154, 252, 347, 360, 547, 627, 314, 514, 496, 269, 120, 222, 389, 337, 352, 390, 594, 505, 538, 342, 240, 317, 430, 841, 738, 636, 602, 593, 734, 825, 677, 592, 673, 728, 653, 803, 545, 231, 422, 0, 239, 3044, 2844, 2416, 1651, 2078 ], 
			[ 79, 62, 158, 259, 343, 359, 263, 162, 673, 752, 75, 283, 355, 77, 226, 216, 515, 571, 592, 629, 828, 697, 550, 509, 479, 556, 669, 1037, 933, 831, 841, 832, 974, 1064, 916, 831, 912, 967, 777, 926, 784, 419, 231, 239, 0, 3283, 3083, 2655, 1412, 2203 ], 
			[ 3212, 3222, 3125, 3033, 2949, 2933, 3028, 3129, 3221, 3141, 3359, 3195, 3048, 3257, 3108, 3211, 3198, 2991, 2879, 2803, 3039, 2753, 2991, 2894, 2829, 2727, 2627, 2562, 2577, 2553, 2442, 2457, 2399, 2219, 2465, 2642, 2722, 2788, 2830, 2680, 2549, 2872, 3102, 3044, 3283, 0, 897, 628, 4641, 4886 ], 
			[ 3012, 3021, 2925, 2833, 2749, 2732, 2828, 2929, 3021, 2941, 3158, 2995, 2848, 3057, 2908, 3010, 2997, 2790, 2679, 2603, 2839, 2553, 2790, 2694, 2629, 2527, 2427, 2361, 2377, 2352, 2242, 2257, 2199, 2019, 2265, 2442, 2522, 2588, 2629, 2480, 2349, 2672, 2902, 2844, 3083, 897, 0, 428, 4441, 4686 ], 
			[ 2584, 2594, 2497, 2405, 2321, 2304, 2400, 2501, 2593, 2513, 2731, 2567, 2420, 2629, 2480, 2583, 2569, 2363, 2251, 2175, 2411, 2125, 2363, 2266, 2201, 2099, 1999, 1934, 1949, 1925, 1814, 1829, 1771, 1591, 1837, 2014, 2094, 2160, 2202, 2052, 1921, 2244, 2474, 2416, 2655, 628, 428, 0, 4013, 4258 ], 
			[ 1491, 1474, 1571, 1671, 1755, 1709, 1613, 1574, 2055, 2135, 1337, 1446, 1600, 1460, 1609, 1599, 1898, 1954, 1993, 2042, 2211, 2020, 1795, 1754, 1891, 1968, 2082, 2329, 2274, 2180, 2199, 2240, 2381, 2422, 2324, 2243, 2314, 2369, 2022, 2171, 2197, 1769, 1539, 1651, 1412, 4641, 4441, 4013, 0, 3586 ], 
			[ 2282, 2255, 2159, 2148, 2232, 2330, 2425, 2365, 1739, 1819, 2249, 2457, 2558, 2127, 2041, 1987, 1688, 1971, 2117, 2230, 1921, 2508, 2616, 2420, 2243, 2243, 2259, 2789, 2686, 2584, 2497, 2429, 2561, 2667, 2513, 2318, 2287, 2284, 2656, 2789, 2374, 2309, 2434, 2078, 2203, 4886, 4686, 4258, 3586, 0 ]
		],
		"barricades": [
			[ 1383, 1186, 816, 485, 1130, 901, 438, 1395, 1140, 895, 499, 1342, 1239 ], 
			[ 1283, 1195, 916, 585, 1067, 875, 421, 1295, 1040, 995, 599, 1352, 1309 ], 
			[ 1186, 1098, 895, 563, 970, 778, 518, 1198, 943, 973, 695, 1255, 1213 ], 
			[ 1175, 1007, 794, 462, 959, 767, 618, 1187, 932, 872, 699, 1163, 1112 ], 
			[ 1199, 923, 710, 378, 1043, 851, 702, 1216, 1016, 788, 615, 1079, 1028 ], 
			[ 1182, 906, 693, 280, 1141, 949, 656, 1200, 1090, 771, 517, 1063, 1011 ], 
			[ 1278, 1002, 738, 301, 1237, 1045, 560, 1295, 1185, 817, 421, 1158, 1107 ], 
			[ 1379, 1103, 733, 402, 1213, 985, 521, 1396, 1223, 812, 416, 1259, 1156 ], 
			[ 1045, 1332, 1332, 1079, 379, 359, 1002, 990, 654, 1410, 1250, 1351, 1591 ], 
			[ 966, 1253, 1386, 1159, 299, 438, 1082, 910, 574, 1464, 1330, 1271, 1555 ], 
			[ 1420, 1332, 901, 639, 1097, 868, 284, 1432, 1152, 980, 588, 1489, 1324 ], 
			[ 1445, 1168, 694, 468, 1305, 1076, 393, 1462, 1352, 772, 380, 1325, 1117 ], 
			[ 1291, 1021, 540, 500, 1343, 1178, 547, 1308, 1252, 619, 282, 1178, 963 ], 
			[ 1299, 1237, 972, 641, 975, 746, 406, 1311, 1030, 1051, 654, 1387, 1395 ], 
			[ 1150, 1088, 950, 652, 889, 660, 555, 1162, 880, 1028, 804, 1238, 1264 ], 
			[ 1223, 1191, 1053, 754, 835, 607, 546, 1231, 908, 1131, 794, 1341, 1367 ], 
			[ 1167, 1225, 1174, 922, 537, 308, 844, 1148, 812, 1252, 1093, 1328, 1434 ], 
			[ 885, 1018, 1027, 869, 553, 590, 901, 868, 535, 1105, 1073, 1121, 1248 ], 
			[ 777, 906, 946, 860, 635, 737, 940, 785, 510, 1024, 1024, 1009, 1137 ], 
			[ 715, 831, 883, 844, 723, 849, 988, 727, 534, 961, 1008, 933, 1061 ], 
			[ 863, 1151, 1284, 1126, 295, 540, 1158, 808, 472, 1362, 1330, 1169, 1453 ], 
			[ 1044, 679, 355, 618, 1224, 1127, 967, 1061, 1062, 433, 703, 883, 690 ], 
			[ 1281, 916, 345, 648, 1385, 1236, 742, 1298, 1294, 423, 477, 1121, 768 ], 
			[ 1137, 868, 541, 452, 1189, 1039, 700, 1155, 1098, 620, 436, 1024, 957 ], 
			[ 1061, 803, 620, 474, 987, 862, 838, 1078, 896, 698, 638, 959, 934 ], 
			[ 927, 701, 639, 622, 940, 862, 915, 944, 800, 717, 760, 857, 879 ], 
			[ 821, 654, 707, 765, 887, 878, 1029, 838, 710, 785, 880, 757, 885 ], 
			[ 949, 430, 692, 958, 1362, 1408, 1276, 994, 1163, 669, 1011, 692, 386 ], 
			[ 922, 461, 637, 855, 1318, 1305, 1221, 967, 1119, 614, 956, 707, 436 ], 
			[ 938, 445, 589, 753, 1233, 1203, 1127, 973, 1057, 667, 862, 683, 538 ], 
			[ 770, 416, 666, 770, 1125, 1117, 1146, 804, 943, 744, 888, 572, 685 ], 
			[ 651, 523, 748, 812, 1006, 1048, 1187, 668, 807, 826, 922, 587, 856 ], 
			[ 522, 510, 889, 953, 936, 1181, 1328, 567, 737, 967, 1063, 529, 813 ], 
			[ 702, 398, 889, 994, 1115, 1286, 1369, 747, 916, 967, 1111, 349, 729 ], 
			[ 567, 554, 832, 896, 922, 1132, 1271, 584, 723, 910, 1006, 595, 831 ], 
			[ 514, 754, 1062, 1046, 692, 937, 1190, 526, 493, 1140, 1210, 772, 1056 ], 
			[ 497, 834, 1157, 1129, 661, 906, 1261, 465, 424, 1235, 1293, 852, 1136 ], 
			[ 514, 900, 1229, 1198, 658, 903, 1316, 445, 401, 1307, 1362, 918, 1202 ], 
			[ 1174, 714, 384, 767, 1373, 1275, 968, 1210, 1211, 361, 704, 960, 541 ], 
			[ 1025, 564, 534, 917, 1421, 1408, 1118, 1070, 1222, 511, 853, 810, 392 ], 
			[ 743, 615, 732, 828, 1001, 993, 1143, 760, 825, 810, 920, 679, 896 ], 
			[ 1122, 846, 633, 341, 1120, 928, 716, 1139, 1029, 711, 547, 1002, 951 ], 
			[ 1352, 1076, 664, 376, 1282, 1054, 486, 1369, 1259, 743, 347, 1232, 1087 ], 
			[ 1106, 1018, 860, 532, 889, 697, 598, 1117, 862, 938, 768, 1174, 1174 ], 
			[ 1345, 1257, 895, 564, 1051, 823, 359, 1357, 1102, 974, 578, 1413, 1318 ], 
			[ 2921, 2617, 3109, 3213, 3335, 3505, 3588, 2966, 3136, 3187, 3330, 2092, 2948 ], 
			[ 2721, 2417, 2908, 3013, 3134, 3305, 3388, 2766, 2935, 2986, 3130, 1892, 2748 ], 
			[ 2293, 1989, 2481, 2585, 2706, 2877, 2960, 2338, 2508, 2559, 2702, 1464, 2320 ], 
			[ 2757, 2615, 2140, 1914, 2434, 2205, 1275, 2769, 2489, 2219, 1826, 2771, 2563 ], 
			[ 2784, 2913, 2863, 2610, 2118, 1603, 2533, 2729, 2393, 2941, 2781, 3016, 3122 ]
		]
	},
	"barricades": {
		"doors": [
			[ 1383, 1283, 1186, 1175, 1199, 1182, 1278, 1379, 1045, 966, 1420, 1445, 1291, 1299, 1150, 1223, 1167, 885, 777, 715, 863, 1044, 1281, 1137, 1061, 927, 821, 949, 922, 938, 770, 651, 522, 702, 567, 514, 497, 514, 1174, 1025, 743, 1122, 1352, 1106, 1345, 2921, 2721, 2293, 2757, 2784 ], 
			[ 1186, 1195, 1098, 1007, 923, 906, 1002, 1103, 1332, 1253, 1332, 1168, 1021, 1237, 1088, 1191, 1225, 1018, 906, 831, 1151, 679, 916, 868, 803, 701, 654, 430, 461, 445, 416, 523, 510, 398, 554, 754, 834, 900, 714, 564, 615, 846, 1076, 1018, 1257, 2617, 2417, 1989, 2615, 2913 ], 
			[ 816, 916, 895, 794, 710, 693, 738, 733, 1332, 1386, 901, 694, 540, 972, 950, 1053, 1174, 1027, 946, 883, 1284, 355, 345, 541, 620, 639, 707, 692, 637, 589, 666, 748, 889, 889, 832, 1062, 1157, 1229, 384, 534, 732, 633, 664, 860, 895, 3109, 2908, 2481, 2140, 2863 ], 
			[ 485, 585, 563, 462, 378, 280, 301, 402, 1079, 1159, 639, 468, 500, 641, 652, 754, 922, 869, 860, 844, 1126, 618, 648, 452, 474, 622, 765, 958, 855, 753, 770, 812, 953, 994, 896, 1046, 1129, 1198, 767, 917, 828, 341, 376, 532, 564, 3213, 3013, 2585, 1914, 2610 ], 
			[ 1130, 1067, 970, 959, 1043, 1141, 1237, 1213, 379, 299, 1097, 1305, 1343, 975, 889, 835, 537, 553, 635, 723, 295, 1224, 1385, 1189, 987, 940, 887, 1362, 1318, 1233, 1125, 1006, 936, 1115, 922, 692, 661, 658, 1373, 1421, 1001, 1120, 1282, 889, 1051, 3335, 3134, 2706, 2434, 2118 ], 
			[ 901, 875, 778, 767, 851, 949, 1045, 985, 359, 438, 868, 1076, 1178, 746, 660, 607, 308, 590, 737, 849, 540, 1127, 1236, 1039, 862, 862, 878, 1408, 1305, 1203, 1117, 1048, 1181, 1286, 1132, 937, 906, 903, 1275, 1408, 993, 928, 1054, 697, 823, 3505, 3305, 2877, 2205, 1603 ], 
			[ 438, 421, 518, 618, 702, 656, 560, 521, 1002, 1082, 284, 393, 547, 406, 555, 546, 844, 901, 940, 988, 1158, 967, 742, 700, 838, 915, 1029, 1276, 1221, 1127, 1146, 1187, 1328, 1369, 1271, 1190, 1261, 1316, 968, 1118, 1143, 716, 486, 598, 359, 3588, 3388, 2960, 1275, 2533 ], 
			[ 1395, 1295, 1198, 1187, 1216, 1200, 1295, 1396, 990, 910, 1432, 1462, 1308, 1311, 1162, 1231, 1148, 868, 785, 727, 808, 1061, 1298, 1155, 1078, 944, 838, 994, 967, 973, 804, 668, 567, 747, 584, 526, 465, 445, 1210, 1070, 760, 1139, 1369, 1117, 1357, 2966, 2766, 2338, 2769, 2729 ], 
			[ 1140, 1040, 943, 932, 1016, 1090, 1185, 1223, 654, 574, 1152, 1352, 1252, 1030, 880, 908, 812, 535, 510, 534, 472, 1062, 1294, 1098, 896, 800, 710, 1163, 1119, 1057, 943, 807, 737, 916, 723, 493, 424, 401, 1211, 1222, 825, 1029, 1259, 862, 1102, 3136, 2935, 2508, 2489, 2393 ], 
			[ 895, 995, 973, 872, 788, 771, 817, 812, 1410, 1464, 980, 772, 619, 1051, 1028, 1131, 1252, 1105, 1024, 961, 1362, 433, 423, 620, 698, 717, 785, 669, 614, 667, 744, 826, 967, 967, 910, 1140, 1235, 1307, 361, 511, 810, 711, 743, 938, 974, 3187, 2986, 2559, 2219, 2941 ], 
			[ 499, 599, 695, 699, 615, 517, 421, 416, 1250, 1330, 588, 380, 282, 654, 804, 794, 1093, 1073, 1024, 1008, 1330, 703, 477, 436, 638, 760, 880, 1011, 956, 862, 888, 922, 1063, 1111, 1006, 1210, 1293, 1362, 704, 853, 920, 547, 347, 768, 578, 3330, 3130, 2702, 1826, 2781 ], 
			[ 1342, 1352, 1255, 1163, 1079, 1063, 1158, 1259, 1351, 1271, 1489, 1325, 1178, 1387, 1238, 1341, 1328, 1121, 1009, 933, 1169, 883, 1121, 1024, 959, 857, 757, 692, 707, 683, 572, 587, 529, 349, 595, 772, 852, 918, 960, 810, 679, 1002, 1232, 1174, 1413, 2092, 1892, 1464, 2771, 3016 ], 
			[ 1239, 1309, 1213, 1112, 1028, 1011, 1107, 1156, 1591, 1555, 1324, 1117, 963, 1395, 1264, 1367, 1434, 1248, 1137, 1061, 1453, 690, 768, 957, 934, 879, 885, 386, 436, 538, 685, 856, 813, 729, 831, 1056, 1136, 1202, 541, 392, 896, 951, 1087, 1174, 1318, 2948, 2748, 2320, 2563, 3122 ]
		],
		"barricades": [
			[ 222, 1033, 1399, 1463, 1159, 1404, 1704, 563, 915, 1477, 1573, 1051, 1335 ], 
			[ 1033, 222, 1034, 1186, 1446, 1532, 1562, 1077, 1247, 1075, 1304, 747, 816 ], 
			[ 1399, 1034, 222, 974, 1579, 1482, 1087, 1416, 1418, 625, 822, 1239, 926 ], 
			[ 1463, 1186, 974, 222, 1421, 1229, 861, 1480, 1370, 1052, 722, 1343, 1291 ], 
			[ 1159, 1446, 1579, 1421, 222, 737, 1381, 1103, 768, 1657, 1625, 1465, 1748 ], 
			[ 1404, 1532, 1482, 1229, 737, 222, 1152, 1348, 1013, 1560, 1400, 1635, 1741 ], 
